Generated by GetData Graph Digitizer 2.26.0.20 on June 14 2019, 14:00
from file 'C:\Users\crystal\Desktop\Temp. data\NLAF2.JPG'

Line #1
-9.57968253968254e+001   -3.19259259259259e+000
-9.23642246642247e+001   -3.14259259259259e+000
-8.89317460317460e+001   -3.09074074074074e+000
-7.65835164835165e+001   -2.92777777777778e+000
-7.31507936507936e+001   -2.87962962962963e+000
-6.96664224664225e+001   -2.83703703703704e+000
-5.39877899877900e+001   -2.62962962962963e+000
-5.04518925518925e+001   -2.59074074074074e+000
-4.68641025641026e+001   -2.56111111111111e+000
-4.35344322344322e+001   -2.50555555555556e+000
-5.75238095238095e+001   -2.66666666666667e+000
-6.08533577533578e+001   -2.72407407407407e+000
-2.99562881562882e+001   -2.32962962962963e+000
-2.63684981684982e+001   -2.30000000000000e+000
-3.34406593406593e+001   -2.37222222222222e+000
-2.39626373626374e+001   -2.23333333333333e+000
-2.71377289377289e+001   -2.30000000000000e+000
-1.62239316239316e+001   -2.15925925925926e+000
-1.27913308913309e+001   -2.10925925925926e+000
-9.25543345543346e+000   -2.07037037037037e+000
-5.71941391941391e+000   -2.03333333333333e+000
-2.28693528693529e+000   -1.98148148148148e+000
 1.28299145299145e+001   -1.80925925925926e+000
 1.64174603174603e+001   -1.77592592592593e+000
 2.00567765567766e+001   -1.75000000000000e+000
 9.34542124542125e+000   -1.85000000000000e+000
 5.86105006105005e+000   -1.89259259259259e+000
 2.72285714285714e+001   -1.63333333333333e+000
 3.08678876678877e+001   -1.60740740740741e+000
 3.44037851037851e+001   -1.56851851851852e+000
 3.78882783882784e+001   -1.52777777777778e+000
 4.15275946275946e+001   -1.50185185185185e+000
 2.36410256410256e+001   -1.66666666666667e+000
 2.40021978021978e+001   -1.70000000000000e+000
 5.99250305250305e+001   -1.30740740740741e+000
 6.35125763125763e+001   -1.27407407407407e+000
 6.70490842490842e+001   -1.24444444444444e+000
 7.06367521367521e+001   -1.21296296296296e+000
 7.41214896214896e+001   -1.17592592592593e+000
 7.76061050061050e+001   -1.13703703703704e+000
 8.11932844932845e+001   -1.09814814814815e+000
 8.47293040293040e+001   -1.06111111111111e+000
 8.82653235653236e+001   -1.02407407407407e+000
 9.18528693528693e+001   -9.90740740740741e-001
 9.54923076923077e+001   -9.66666666666667e-001
 5.63888888888889e+001   -1.34259259259259e+000
 1.30340659340659e+002   -6.11111111111111e-001
 1.33928205128205e+002   -5.77777777777778e-001
 1.37515628815629e+002   -5.42592592592593e-001
 1.26752747252747e+002   -6.38888888888889e-001
 1.23422954822955e+002   -6.92592592592592e-001
 1.19938095238095e+002   -7.27777777777778e-001
 1.16401831501831e+002   -7.61111111111111e-001
 1.12865445665446e+002   -7.92592592592592e-001
 1.09277655677656e+002   -8.22222222222222e-001
