Generated by GetData Graph Digitizer 2.26.0.20 on June 14 2019, 14:02
from file 'C:\Users\crystal\Desktop\Temp. data\NLAF2_2.JPG'

Line #1
-9.92346570617409e+001    1.28028503562945e+000
-9.69155617798403e+001    1.20506730007918e+000
-9.46991061743990e+001    1.12852995513328e+000
-9.23801329372980e+001    1.05463182897862e+000
-9.00099008843671e+001    9.82053312219583e-001
-8.75370291549771e+001    9.10794404856162e-001
-8.52180559178761e+001    8.36896278701504e-001
-8.28990826807751e+001    7.62998152546846e-001
-8.02211756880657e+001    6.97017682765901e-001
-7.24450912818823e+001    5.06993929796780e-001
-6.96135298864831e+001    4.46291897598311e-001
-6.66795729042238e+001    3.89548693586698e-001
-6.35404586138457e+001    3.36764317761943e-001
-6.03502075524373e+001    2.86619160728424e-001
-5.71602005806281e+001    2.39113222486144e-001
-5.39191788825883e+001    1.95566112430721e-001
-5.05245027818587e+001    1.57297439957772e-001
-4.70786899100988e+001    1.21667986276062e-001
-4.36329990831384e+001    8.73581419899709e-002
-4.01360494403483e+001    5.43679070994985e-002
-3.66393438871574e+001    2.40168910002638e-002
-3.30916236077358e+001   -2.37529691211402e-003
-2.94928886020836e+001   -2.48086566376352e-002
-2.58941535964314e+001   -4.72420163631564e-002
-2.22956626803784e+001   -6.70361572974399e-002
-1.86457909036960e+001   -8.68302982317234e-002
-1.49962852614123e+001   -1.02665610979150e-001
-1.13470237087279e+001   -1.15861704935339e-001
-7.69788420084303e+000   -1.27738189495909e-001
-4.04886673775776e+000   -1.38295064660861e-001
-3.48712503642275e-001   -1.46212721034574e-001
 3.35131968567362e+000   -1.52810768012668e-001
 7.05110778539033e+000   -1.56769596199525e-001
 1.07506517955078e+001   -1.58089205595144e-001
 1.44501958056254e+001   -1.59408814990763e-001
 1.81498618605425e+001   -1.62048033782001e-001
 2.18492838258604e+001   -1.62048033782001e-001
 2.55487057911783e+001   -1.62048033782001e-001
 2.92480057116966e+001   -1.60728424386382e-001
 3.29470615426158e+001   -1.56769596199525e-001
 3.66461173735349e+001   -1.52810768012668e-001
 4.03450511596544e+001   -1.47532330430193e-001
 4.39926040851445e+001   -1.42253892847717e-001
 4.76914158264645e+001   -1.35655845869623e-001
 5.13386026175558e+001   -1.26418580100290e-001
 5.49856673638476e+001   -1.15861704935339e-001
 5.86327321101393e+001   -1.05304829770388e-001
 6.23312997618601e+001   -9.60675640010557e-002
 6.59782424633522e+001   -8.41910794404857e-002
 6.96249410752452e+001   -6.96753760886778e-002
 7.32717617319377e+001   -5.64792821324889e-002
 7.69187044334299e+001   -4.46027975719188e-002
 8.05655250901224e+001   -3.14067036157297e-002
 8.42122237020154e+001   -1.68910002639219e-002
 8.78074194084794e+001   -1.05568751649510e-003
 9.14539959755727e+001    1.47796252309318e-002
 9.51004504978665e+001    3.19345473739774e-002
 9.86956462043304e+001    4.77698601214041e-002
 1.02342344816223e+002    6.22855634732118e-002
 1.05989165472916e+002    7.54816574294008e-002
 1.09635864084809e+002    8.99973607812088e-002
 1.13282318607103e+002    1.07152282924254e-001
 1.16929017218996e+002    1.21667986276062e-001
 1.20575837875688e+002    1.34864080232251e-001
 1.24222414442782e+002    1.50699392979678e-001
 1.27817488104446e+002    1.67854315122724e-001
 1.31463820581940e+002    1.86328846661388e-001
 1.35058772198805e+002    2.04803378200053e-001
 1.38705592855497e+002    2.17999472156242e-001
-7.52766526772815e+001    5.67695961995249e-001
