Generated by GetData Graph Digitizer 2.26.0.20 on June 13 2019, 16:02
from file 'C:\Users\crystal\Desktop\Temp. data\F2.JPG'

Line #1
 1.39545454545455e+002    2.50250725785168e+000
 1.35959595959596e+002    2.47875428873054e+000
 1.32373737373737e+002    2.45236210081816e+000
 1.28787878787879e+002    2.42860913169702e+000
 1.25202020202020e+002    2.40221694378464e+000
 1.21616161616162e+002    2.37582475587226e+000
 1.18030303030303e+002    2.34943256795988e+000
 1.14444444444444e+002    2.32040116125627e+000
 1.10858585858586e+002    2.29136975455265e+000
 1.07272727272727e+002    2.25705991026656e+000
 1.03737373737374e+002    2.22275006598047e+000
 1.00151515151515e+002    2.19107944048562e+000
 9.65656565656566e+001    2.15676959619953e+000
 9.29797979797980e+001    2.11982053312220e+000
 8.93939393939394e+001    2.08551068883610e+000
 8.58080808080808e+001    2.04856162575878e+000
 8.22727272727273e+001    2.00897334389021e+000
 7.87373737373737e+001    1.96410662443917e+000
 7.52020202020202e+001    1.92187912377936e+000
 7.16161616161616e+001    1.87965162311956e+000
 6.80808080808081e+001    1.83478490366851e+000
 6.45454545454545e+001    1.78727896542623e+000
 6.10101010101010e+001    1.74241224597519e+000
 5.74242424242424e+001    1.70282396410662e+000
 5.38888888888889e+001    1.65795724465558e+000
 5.04040404040404e+001    1.60517286883083e+000
 4.69191919191919e+001    1.55238849300607e+000
 4.33838383838384e+001    1.50224333597255e+000
 3.98484848484848e+001    1.45209817893903e+000
 3.63131313131313e+001    1.39931380311428e+000
 3.28787878787879e+001    1.34125098970705e+000
 2.93939393939394e+001    1.28582739509105e+000
 2.58585858585859e+001    1.23304301926630e+000
 2.23737373737374e+001    1.18025864344154e+000
 1.88888888888889e+001    1.12483504882555e+000
 1.54040404040404e+001    1.06677223541832e+000
 1.19696969696970e+001    1.00607020321985e+000
 8.48484848484848e+000    9.45368171021378e-001
 5.00000000000000e+000    8.87305357614146e-001
 1.56565656565657e+000    8.23964106624439e-001
-1.81818181818181e+000    7.60622855634733e-001
-5.25252525252525e+000    6.97281604645025e-001
-8.63636363636364e+000    6.33940353655318e-001
-1.20707070707071e+001    5.73238321456849e-001
-1.55555555555556e+001    5.09897070467142e-001
-1.89393939393939e+001    4.43916600686197e-001
-2.22727272727273e+001    3.75296912114014e-001
-2.57070707070707e+001    3.09316442333070e-001
-2.91414141414141e+001    2.40696753760887e-001
-3.24747474747475e+001    1.69437846397467e-001
-3.58585858585859e+001    9.81789390340460e-002
-3.92424242424242e+001    2.69200316706253e-002
-4.26262626262626e+001   -4.43388756927949e-002
-4.59090909090909e+001   -1.20876220638691e-001
-4.92424242424242e+001   -1.94774346793349e-001
-5.26262626262626e+001   -2.66033254156770e-001
-5.60101010101010e+001   -3.37292161520190e-001
-5.93939393939394e+001   -4.11190287674848e-001
-6.26767676767677e+001   -4.87727632620744e-001
-6.59595959595960e+001   -5.66904196357878e-001
-6.92424242424242e+001   -6.48719978886250e-001
-7.25757575757576e+001   -7.25257323832146e-001
-7.59090909090909e+001   -8.01794668778042e-001
-7.92929292929293e+001   -8.78332013723938e-001
-8.25757575757576e+001   -9.57508577461071e-001
-8.58080808080808e+001   -1.04196357878068e+000
-8.90909090909091e+001   -1.12377936130905e+000
-9.23737373737374e+001   -1.20295592504619e+000
-9.57070707070707e+001   -1.27949326999208e+000
-9.89898989898990e+001   -1.36130905252045e+000
