Generated by GetData Graph Digitizer 2.26.0.20 on June 14 2019, 13:51
from file 'C:\Users\crystal\Desktop\Temp. data\F2_2.JPG'

Line #1
-9.95667870036101e+001    2.87142857142857e+000
-9.65342960288809e+001    2.80714285714286e+000
-9.17689530685921e+001    2.72142857142857e+000
-8.52707581227437e+001    2.61428571428571e+000
-7.31407942238267e+001    2.46428571428571e+000
-6.40433212996390e+001    2.40000000000000e+000
-4.71480144404332e+001    2.33571428571429e+000
-3.32851985559567e+001    2.35714285714286e+000
-1.24909747292419e+001    2.46428571428571e+000
 9.16967509025271e+000    2.57142857142857e+000
 2.17328519855596e+001    2.67857142857143e+000
 4.25270758122744e+001    2.80714285714286e+000
 5.76895306859206e+001    2.87142857142857e+000
 7.32851985559567e+001    3.00000000000000e+000
 9.19133574007220e+001    3.08571428571429e+000
 1.10108303249097e+002    3.17142857142857e+000
 1.21371841155235e+002    3.21428571428571e+000
 1.33501805054152e+002    3.23571428571429e+000
 1.39566787003610e+002    3.25714285714286e+000
