Generated by GetData Graph Digitizer 2.26.0.20 on June 14 2019, 14:09
from file 'C:\Users\crystal\Desktop\Temp. data\SF57.JPG'

Line #1
-9.91208791208791e+001    1.20190023752969e+000
-9.59951159951160e+001    1.39350752177355e+000
-9.27228327228327e+001    1.55608339931380e+000
-8.94505494505494e+001    1.70704671417260e+000
-8.61294261294261e+001    1.85220374769068e+000
-8.28083028083028e+001    1.99736078120876e+000
-7.95360195360195e+001    2.15413037740829e+000
-7.63125763125763e+001    2.31670625494854e+000
-7.30402930402930e+001    2.47347585114806e+000
-6.96703296703297e+001    2.61282660332542e+000
-6.63492063492064e+001    2.74637107416205e+000
-6.30280830280830e+001    2.87991554499868e+000
-5.97557997557998e+001    3.02507257851676e+000
-5.64835164835165e+001    3.16442333069411e+000
-5.31623931623932e+001    3.29796780153075e+000
-4.98412698412698e+001    3.43151227236738e+000
-4.65201465201465e+001    3.56505674320401e+000
-4.31501831501832e+001    3.69279493269992e+000
-3.97802197802198e+001    3.80892055951438e+000
-3.64102564102564e+001    3.92504618632885e+000
-3.30891330891331e+001    4.05278437582476e+000
-2.97191697191697e+001    4.18052256532066e+000
-2.63492063492064e+001    4.30245447347585e+000
-2.29304029304029e+001    4.41277381894959e+000
-1.95115995115995e+001    4.52889944576405e+000
-1.61416361416361e+001    4.64502507257852e+000
-1.27228327228327e+001    4.75534441805226e+000
-9.30402930402931e+000    4.85985748218527e+000
-5.88522588522589e+000    4.97017682765901e+000
-2.46642246642246e+000    5.08049617313275e+000
 9.52380952380949e-001    5.18500923726577e+000
 4.37118437118437e+000    5.27210345737662e+000
 7.78998778998779e+000    5.36500395882819e+000
 1.12087912087912e+001    5.46371074162048e+000
 1.46275946275946e+001    5.56241752441277e+000
 1.79975579975580e+001    5.66112430720507e+000
 2.14652014652015e+001    5.75402480865664e+000
 2.49328449328449e+001    5.84111902876749e+000
 2.83516483516484e+001    5.92240696753761e+000
 3.18192918192918e+001    6.00369490630773e+000
 3.52380952380952e+001    6.07917656373713e+000
 3.87057387057387e+001    6.15465822116653e+000
 4.21733821733822e+001    6.23594615993666e+000
 4.55921855921856e+001    6.31723409870678e+000
 4.90598290598291e+001    6.39271575613618e+000
 5.25274725274725e+001    6.45658485088414e+000
 5.59951159951160e+001    6.52626022697282e+000
 5.94627594627595e+001    6.59593560306149e+000
 6.29304029304029e+001    6.65980469780945e+000
 6.63980463980464e+001    6.71206122987596e+000
 6.98656898656899e+001    6.77012404328319e+000
 7.33333333333333e+001    6.82238057534970e+000
 7.68009768009768e+001    6.87463710741620e+000
 8.02686202686203e+001    6.92689363948271e+000
 8.37362637362637e+001    6.97334389020850e+000
 8.72039072039072e+001    7.02560042227501e+000
 9.07203907203907e+001    7.07785695434151e+000
 9.41880341880342e+001    7.12430720506730e+000
 9.77045177045177e+001    7.15914489311164e+000
 1.01221001221001e+002    7.19398258115598e+000
 1.04688644688645e+002    7.22882026920032e+000
 1.08205128205128e+002    7.25785167590393e+000
 1.11721611721612e+002    7.29268936394827e+000
 1.15238095238095e+002    7.32172077065189e+000
 1.18754578754579e+002    7.33913961467406e+000
 1.22271062271062e+002    7.36236474003695e+000
 1.25787545787546e+002    7.37978358405912e+000
 1.29304029304029e+002    7.39139614674056e+000
 1.32820512820513e+002    7.39720242808129e+000
 1.36336996336996e+002    7.40300870942201e+000
