Generated by GetData Graph Digitizer 2.26.0.20 on June 14 2019, 14:10
from file 'C:\Users\crystal\Desktop\Temp. data\SF57_2.JPG'

Line #1
-9.91224862888483e+001    6.04005195449350e+000
-9.56124314442413e+001    6.03478075425689e+000
-9.21023765996344e+001    6.01736914758058e+000
-8.85923217550274e+001    6.00602774412412e+000
-8.50822669104205e+001    6.01289695032720e+000
-8.15722120658135e+001    6.02583635975013e+000
-7.80621572212066e+001    6.04484597239290e+000
-7.45521023765996e+001    6.06992578825553e+000
-7.10420475319927e+001    6.10714601055784e+000
-6.75319926873857e+001    6.13829602964031e+000
-6.40219378427788e+001    6.16944604872278e+000
-6.05606337599025e+001    6.21272537698128e+000
-5.70993296770262e+001    6.26207490845964e+000
-5.36380255941499e+001    6.30535423671814e+000
-5.01279707495430e+001    6.34864466224031e+000
-4.66179159049360e+001    6.39800529098232e+000
-4.31566118220597e+001    6.45342502568052e+000
-3.96465569774528e+001    6.50885585764237e+000
-3.61365021328458e+001    6.56428668960423e+000
-3.26751980499695e+001    6.61970642430243e+000
-2.91651432053626e+001    6.66906705304444e+000
-2.57038391224863e+001    6.71841658452279e+000
-2.22425350396100e+001    6.77383631922099e+000
-1.87812309567337e+001    6.82925605391919e+000
-1.53199268738574e+001    6.89074599183724e+000
-1.18586227909811e+001    6.94616572653544e+000
-8.39731870810481e+000    6.99551525801379e+000
-4.93601462522852e+000    7.05093499271199e+000
-1.47471054235223e+000    7.10635472741019e+000
 1.98659354052407e+000    7.16177446210839e+000
 5.44789762340037e+000    7.20505379036690e+000
 8.95795246800732e+000    7.24834421588906e+000
 1.24192565508836e+001    7.30983415380711e+000
 1.58805606337599e+001    7.37739429494500e+000
 1.93418647166362e+001    7.43281402964320e+000
 2.28519195612432e+001    7.48217465838521e+000
 2.63132236441194e+001    7.53759439308341e+000
 2.98232784887264e+001    7.58088481860558e+000
 3.33333333333333e+001    7.61203483768804e+000
 3.67946374162096e+001    7.65531416594655e+000
 4.02559414990859e+001    7.71073390064475e+000
 4.37172455819622e+001    7.75401322890326e+000
 4.72273004265692e+001    7.79123345120557e+000
 5.07373552711761e+001    7.82845367350789e+000
 5.41986593540524e+001    7.85959259532670e+000
 5.77087141986594e+001    7.89681281762902e+000
 6.12187690432663e+001    7.94010324315118e+000
 6.46800731261426e+001    7.97124216496999e+000
 6.81901279707496e+001    8.00239218405246e+000
 7.16514320536259e+001    8.02746090265143e+000
 7.51614868982328e+001    8.05861092173389e+000
 7.86227909811091e+001    8.08974984355271e+000
 8.21328458257160e+001    8.10875945619548e+000
 8.56429006703230e+001    8.12776906883826e+000
 8.91529555149299e+001    8.14677868148103e+000
 9.26630103595369e+001    8.15971809090396e+000
 9.61730652041438e+001    8.17872770354673e+000
 9.96831200487508e+001    8.21594792584905e+000
 1.03144424131627e+002    8.24708684766786e+000
 1.06654478976234e+002    8.26609646031064e+000
 1.10164533820841e+002    8.28510607295341e+000
 1.13674588665448e+002    8.31018588881603e+000
 1.17184643510055e+002    8.32312529823896e+000
 1.20694698354662e+002    8.32392430122220e+000
 1.24204753199269e+002    8.33079350742528e+000
 1.27714808043876e+002    8.34980312006805e+000
 1.31224862888483e+002    8.36881273271083e+000
 1.34734917733090e+002    8.38175214213375e+000
 1.38244972577697e+002    8.38255114511699e+000
