Generated by GetData Graph Digitizer 2.26.0.20 on June 14 2019, 13:58
from file 'C:\Users\crystal\Desktop\Temp. data\NBK7_2.JPG'

Line #1
-9.89589086805906e+001    3.26603325415677e+000
-9.65867144360389e+001    3.19609395618897e+000
-9.40177056944194e+001    3.13011348640802e+000
-9.13996396807765e+001    3.06677223541832e+000
-8.86831078777022e+001    3.00475059382423e+000
-8.59174017208097e+001    2.94404856162576e+000
-8.31027553736885e+001    2.88730535761415e+000
-8.01896432371360e+001    2.83188176299815e+000
-7.72765311005835e+001    2.77645816838216e+000
-7.44128274814389e+001    2.72235418316178e+000
-7.14016008008395e+001    2.67220902612827e+000
-6.82922595761932e+001    2.62734230667722e+000
-6.50355123718869e+001    2.58775402480866e+000
-6.17298249773520e+001    2.55212457112695e+000
-5.84242546646119e+001    2.51781472684086e+000
-5.50697441616431e+001    2.48746371074162e+000
-5.17153507404692e+001    2.45843230403800e+000
-4.82627256934535e+001    2.43335972552125e+000
-4.48103348100275e+001    2.41092636579572e+000
-4.13088866545780e+001    2.39113222486144e+000
-3.78076726627181e+001    2.37397730271840e+000
-3.42574013988347e+001    2.35946159936659e+000
-3.07566557341541e+001    2.34758511480602e+000
-2.72067357156552e+001    2.33702823964107e+000
-2.36568156971562e+001    2.32647136447612e+000
-2.01070127604521e+001    2.31723409870678e+000
-1.65575610691324e+001    2.31195566112431e+000
-1.30082264596075e+001    2.30799683293745e+000
-9.45900893187742e+000    2.30535761414621e+000
-5.91002556773694e+000    2.30535761414621e+000
-2.36115928539125e+000    2.30667722354183e+000
 1.18782407874922e+000    2.30667722354183e+000
 4.73680744288970e+000    2.30667722354183e+000
 8.28555664344056e+000    2.30931644233307e+000
 1.18340716804018e+001    2.31459487991554e+000
 1.53824696355683e+001    2.32119292689364e+000
 1.89307505089399e+001    2.32911058326735e+000
 2.24295057831089e+001    2.33966745843230e+000
 2.59777866564806e+001    2.34758511480602e+000
 2.95261846116470e+001    2.35418316178411e+000
 3.30251740494056e+001    2.36210081815783e+000
 3.65733378409824e+001    2.37133808392716e+000
 4.01216187143541e+001    2.37925574030087e+000
 4.36698995877257e+001    2.38717339667458e+000
 4.71686548618947e+001    2.39773027183954e+000
 5.06672930542689e+001    2.40960675640011e+000
 5.42152226822561e+001    2.42148324096068e+000
 5.77138608746303e+001    2.43335972552125e+000
 6.12124990670045e+001    2.44523621008182e+000
 6.47109030957890e+001    2.45975191343362e+000
 6.82094242063684e+001    2.47294800738981e+000
 7.17079453169477e+001    2.48614410134600e+000
 7.52067005911167e+001    2.49670097651095e+000
 7.87546302191039e+001    2.50857746107152e+000
 8.22531513296833e+001    2.52177355502771e+000
 8.57515553584679e+001    2.53628925837952e+000
 8.92499593872524e+001    2.55080496173133e+000
 9.27481292524474e+001    2.56795988387437e+000
 9.62464161994371e+001    2.58379519662180e+000
 9.97449373100165e+001    2.59699129057799e+000
 1.03243575502391e+002    2.60886777513856e+000
 1.06741979531175e+002    2.62338347849037e+000
 1.10190975042552e+002    2.63921879123779e+000
 1.13689379071336e+002    2.65373449458960e+000
 1.17188017263711e+002    2.66561097915017e+000
 1.20686421292495e+002    2.68012668250198e+000
 1.24184591157690e+002    2.69728160464503e+000
 1.27633586669067e+002    2.71311691739245e+000
 1.31132107779646e+002    2.72631301134864e+000
 1.34679803244044e+002    2.74082871470045e+000
 1.38127979182857e+002    2.76590129321721e+000
