Generated by GetData Graph Digitizer 2.26.0.20 on June 14 2019, 13:56
from file 'C:\Users\crystal\Desktop\Temp. data\NBK7.JPG'

Line #1
-1.00000000000000e+002   -6.91211401425178e-001
-9.21689059500960e+001   -5.83935515931814e-001
-7.37428023032629e+001   -2.97988064246994e-001
-5.34740882917466e+001   -2.38259148996313e-002
-3.73512476007678e+001    2.14501620764016e-001
-2.12284069097889e+001    4.17199702745953e-001
-8.33013435700576e+000    5.84108762155730e-001
-3.83877159308952e-002    6.91407443204873e-001
 1.42418426103647e+001    8.82137858403126e-001
 2.52975047984645e+001    1.00144979734751e+000
 3.77351247600768e+001    1.14458309208037e+000
 4.92514395393474e+001    1.26391782658053e+000
 6.76775431861804e+001    1.46672988634136e+000
 8.05758157389635e+001    1.58613300750886e+000
 8.74856046065259e+001    1.64585736364838e+000
 9.80806142034549e+001    1.75327002247642e+000
 1.07293666026871e+002    1.83686132551598e+000
 1.21113243761996e+002    1.94443355323446e+000
 1.34011516314779e+002    2.04008370528082e+000
 1.39539347408829e+002    2.07598670563187e+000
