Generated by GetData Graph Digitizer 2.26.0.20 on June 14 2019, 14:13
from file 'C:\Users\crystal\Desktop\Temp. data\NPK51_2.JPG'

Line #1
-9.93769791210772e+001   -3.54608294930876e+000
-9.73342258150332e+001   -3.68202764976959e+000
-9.51428399797475e+001   -3.81105990783410e+000
-9.27036188416617e+001   -3.93087557603687e+000
-9.02147391064313e+001   -4.05069124423963e+000
-8.76763151947870e+001   -4.16820276497696e+000
-8.50884615274595e+001   -4.28110599078341e+000
-8.24510636837182e+001   -4.39170506912442e+000
-7.98135514192461e+001   -4.50460829493088e+000
-7.71760391547741e+001   -4.61751152073733e+000
-7.44890971346188e+001   -4.72580645161290e+000
-7.17030667616359e+001   -4.82949308755760e+000
-6.88673777915083e+001   -4.93317972350230e+000
-6.60318032421114e+001   -5.03456221198157e+000
-6.31467989370314e+001   -5.13133640552995e+000
-6.01625918583929e+001   -5.22580645161290e+000
-5.71784992004851e+001   -5.31797235023041e+000
-5.41945209633081e+001   -5.40783410138249e+000
-5.11607697082557e+001   -5.50000000000000e+000
-4.81767914710787e+001   -5.58986175115207e+000
-4.51434978989493e+001   -5.67281105990783e+000
-4.20605457296753e+001   -5.75576036866359e+000
-3.90271377368152e+001   -5.84101382488479e+000
-3.58946413911273e+001   -5.92165898617511e+000
-3.27126008690255e+001   -6.00000000000000e+000
-2.95803333647990e+001   -6.07603686635945e+000
-2.63489775077448e+001   -6.14746543778802e+000
-2.31178504921522e+001   -6.21428571428571e+000
-1.98867234765595e+001   -6.28110599078341e+000
-1.66553676195053e+001   -6.35253456221198e+000
-1.34240117624511e+001   -6.42396313364055e+000
-1.01432261497138e+001   -6.49078341013825e+000
-6.81312520202411e+000   -6.55069124423963e+000
-3.53268285147904e+000   -6.61059907834101e+000
-2.52240500933965e-001   -6.67050691244240e+000
 3.12740462316962e+000   -6.72811059907834e+000
 6.50693532654246e+000   -6.78341013824885e+000
 9.83680743277067e+000   -6.83870967741936e+000
 1.32655390503651e+001   -6.88479262672811e+000
 3.81103988420622e+001   -7.19815668202765e+000
 4.14404997897519e+001   -7.25806451612903e+000
 4.49185467422988e+001   -7.29723502304148e+000
 4.83961360119226e+001   -7.32718894009217e+000
 5.18738397022773e+001   -7.35944700460830e+000
 5.53516578133626e+001   -7.39400921658986e+000
 5.88791345215926e+001   -7.42857142857143e+000
 6.23569526326780e+001   -7.46313364055300e+000
 6.58838572372543e+001   -7.48617511520737e+000
 3.45833798167552e+001   -7.17281105990783e+000
 3.12043067963054e+001   -7.12672811059908e+000
 2.77754607579801e+001   -7.07834101382488e+000
 2.42970705432410e+001   -7.03225806451613e+000
 2.08683389256465e+001   -6.98617511520737e+000
 1.74891514844660e+001   -6.93778801843318e+000
 1.40605342876022e+001   -6.89400921658986e+000
 1.05079937183019e+002   -7.79723502304148e+000
 1.08606727366864e+002   -7.81797235023041e+000
 1.12133517550710e+002   -7.83870967741936e+000
 1.15660193313825e+002   -7.85714285714286e+000
 1.19186983497670e+002   -7.87788018433180e+000
 1.22763203437199e+002   -7.89400921658986e+000
 1.26338965693804e+002   -7.90092165898618e+000
 1.29914384688218e+002   -7.90092165898618e+000
 1.01553146999173e+002   -7.77649769585253e+000
 9.80262423945971e+001   -7.75345622119816e+000
 9.44992233692900e+001   -7.72811059907834e+000
 9.09720899232523e+001   -7.70046082949309e+000
 8.74451853186760e+001   -7.67741935483871e+000
 8.39183951348305e+001   -7.65668202764977e+000
 8.03914905302543e+001   -7.63364055299539e+000
 7.69137868398997e+001   -7.60138248847926e+000
 7.34851696430359e+001   -7.55760368663594e+000
 7.00076947941428e+001   -7.52995391705069e+000
 6.64805613481051e+001   -7.50230414746544e+000
