Generated by GetData Graph Digitizer 2.26.0.20 on June 14 2019, 14:04
from file 'C:\Users\crystal\Desktop\Temp. data\NPK51.JPG'

Line #1
-9.91061452513967e+001   -7.52688172043011e+000
-9.55803848541279e+001   -7.55760368663594e+000
-9.20546244568591e+001   -7.59344598054276e+000
-8.85288640595903e+001   -7.62672811059908e+000
-8.50031036623215e+001   -7.64976958525346e+000
-7.22408441961515e+001   -7.77265745007680e+000
-6.87150837988827e+001   -7.81105990783410e+000
-6.51893234016139e+001   -7.84178187403994e+000
-6.17132216014898e+001   -7.87762416794675e+000
-5.81874612042210e+001   -7.91090629800307e+000
-5.46617008069522e+001   -7.93138760880696e+000
-5.11359404096834e+001   -7.94930875576037e+000
-4.76598386095593e+001   -7.99283154121864e+000
-7.57666045934202e+001   -7.74193548387097e+000
-7.92923649906890e+001   -7.71889400921659e+000
-3.20173805090006e+001   -8.09011776753712e+000
-2.84916201117318e+001   -8.11059907834101e+000
-2.49658597144631e+001   -8.14132104454685e+000
-2.14400993171943e+001   -8.17460317460317e+000
-1.79143389199255e+001   -8.20020481310804e+000
-1.43885785226567e+001   -8.21812596006144e+000
-1.08131595282433e+001   -8.23348694316436e+000
-7.28739913097455e+000   -8.25140809011777e+000
-3.76163873370577e+000   -8.26676907322069e+000
-1.86219739292369e-001   -8.28981054787506e+000
 3.33954065797641e+000   -8.31541218637993e+000
 6.86530105524518e+000   -8.33333333333333e+000
 1.04407200496586e+001   -8.34613415258577e+000
 1.40161390440720e+001   -8.35637480798771e+000
 1.75915580384854e+001   -8.36149513568868e+000
 2.11669770328988e+001   -8.37429595494112e+000
 2.46927374301676e+001   -8.38709677419355e+000
 2.82681564245810e+001   -8.38709677419355e+000
-3.55927995034140e+001   -8.07219662058372e+000
 5.24022346368715e+001   -8.48694316436252e+000
 5.59279950341403e+001   -8.52534562211981e+000
 5.95034140285537e+001   -8.52022529441884e+000
 6.30788330229671e+001   -8.50998463901690e+000
 6.66542520173805e+001   -8.51254480286738e+000
 7.01800124146493e+001   -8.53046594982079e+000
 7.37554314090627e+001   -8.55094726062468e+000
 7.73308504034761e+001   -8.54838709677419e+000
 4.88268156424581e+001   -8.47926267281106e+000
 4.53010552451893e+001   -8.45622119815668e+000
 4.17256362507759e+001   -8.45622119815668e+000
 1.37318435754190e+002   -8.64055299539170e+000
 1.40049658597145e+002   -8.75832053251408e+000
 1.33743016759777e+002   -8.64055299539170e+000
 1.30167597765363e+002   -8.64055299539170e+000
 1.26592178770950e+002   -8.64055299539170e+000
 1.23016759776536e+002   -8.64055299539170e+000
 1.19441340782123e+002   -8.64055299539170e+000
 1.15865921787710e+002   -8.64055299539170e+000
 1.12290502793296e+002   -8.63287250384025e+000
 1.08764742396027e+002   -8.62263184843830e+000
 1.05189323401614e+002   -8.61495135688684e+000
 1.01613904407200e+002   -8.60727086533538e+000
 9.80384854127871e+001   -8.59959037378392e+000
 9.44630664183737e+001   -8.59447004608295e+000
 9.08876474239603e+001   -8.59447004608295e+000
 8.73122284295469e+001   -8.58678955453149e+000
 8.37368094351335e+001   -8.56886840757809e+000
 8.02110490378647e+001   -8.54838709677419e+000
 7.66356300434513e+001   -8.54838709677419e+000
